0000000000000
0000000000000
0000000000000
0000000000000
0000000000000
0000000000000
0000000000000
0000000100000
0000000000000
0000000000000
0000000000000
0000000000000
1110000000000
0000000300001
0000000000000
0030000000000
0000000000000
0000000030030
0000000000000
0000000000000
0000000111111
0000000000000
0000000000000
0000000000000
0000000000000
0000000000000
0000000000000
0000000000000
0300000000000
0000000000000
0000000000000
0000000000000
0000000000000
0000000000000
0000000000000
0000000000000
0000000000000
0000000000000
0000000000000
0000000000000
0000000000000
0000000000000
0000000000000
0000000000000
0000000000000
0000000000000
0000000000000
0000000000010
0100000000000
0000000000000
0000000001000
0000000000000
0000000000000
0000000000000
0000000000000
0000000000000
0000010000000
0000000000000
0000000000100
0000000000000
0000000000000
0000000000000
0010000100000
0000000000000
0300000000000
0000000000000
0000000000000
0000000000000
0000000000000
0000000000000
0000000003000
0000000000000
0000000000000
0000000000000
0000000000000
0000000000000
0100000000000
0000000000000
0000000000000
0000000000000
0000000000000
0000000000030
0000000000000
0003000000000
0000000000000
0000000000000
0000000000000
0000000000000
0000000000000
0030000000000
0000000000000
0000000300000
0000000000000
0000000000000
0000000000000
0000000000300
0000000000000
0000000000000
0300000030000
0000000000000
0000000000000
0000000000000
0000000000000
0000003000000
0000000000000
0000000000000
0000000000000
0000000000000
0000000000000
0000000000000
0000000000000
0000000000000
0000000000000
0000000000000
0000000000000
0000000000000
0000000000000
0000000000000
0000000000000
0000000000000
0000000000000
0000000000000
0000000000000
0000000000000
0000000000000
0000000000000
0000000000000
0000000000000
0000000000000
0000000000000
0000000000000
0000000000000
0000000000000
0000000000000
0000000000000
0000000000000
0000000000000
0000000000000
0000000000000
0000000000000
0000000000000
0000000000000
0000000000000
0000000000000
0000000000000
0000000000000
0000000000000
0000000000000
0000000000000
0000000000000
0000000000000
0000000000000
0000000000000
0000000000000
0000000000000
0000000000000
0000000000000
0000000000000
0000000000000
0000000000000
0000000000000
0000000000000
0000000000000
0000000000000
0000000000000
0000000000000
0000000000000